1,0,0,0,0,1,0,0,0,0,1,0,5,0,-1.45,1||
-4.37114e-08,0,-1,0,0,1,0,0,1,0,-4.37114e-08,0,2.05,0,-3.75,1||
-4.37114e-08,0,-1,0,0,1,0,0,1,0,-4.37114e-08,0,-1.3,0,-3.75,1||
-1,0,8.74228e-08,0,0,1,0,0,-8.74228e-08,0,-1,0,-3,0,-2.4,1||
-1,0,8.74228e-08,0,0,1,0,0,-8.74228e-08,0,-1,0,-3,0,4.24999,1||
1.19249e-08,0,1,0,0,1,0,0,-1,0,1.19249e-08,0,1.4,0,4.25,1||
1,0,0,0,0,1,0,0,0,0,1,0,5,0,3.7,1||
1,0,0,0,0,1,0,0,0,0,1,0,5,0,-2.8,1||
-4.37114e-08,0,-1,0,0,1,0,0,1,0,-4.37114e-08,0,1.9,0,-3.75,1||
-4.37114e-08,0,-1,0,0,1,0,0,1,0,-4.37114e-08,0,-1.8,0,-3.75,1||
-1,0,8.74228e-08,0,0,1,0,0,-8.74228e-08,0,-1,0,-3,0,-1.85,1||
-0.921061,0,0.389418,0,0,1,0,0,-0.389418,0,-0.921061,0,-2.95,0,4.25,1||
1.19249e-08,0,1,0,0,1,0,0,-1,0,1.19249e-08,0,2.15,0,4.25,1||
1,0,0,0,0,1,0,0,0,0,1,0,5,0,2.8,1||
